 Precipitation Required to End Current Drought
 January 2014
A drought is considered to be ameliorated when the PHDI is
        raised to -2.0, and ended when above -0.5         
-9.99 indicates that PHDI is currently above -2.0
         1-Mon    2-Mon    3-Mon    4-Mon    5-Mon    6-Mon
00101    -9.99    -9.99    -9.99    -9.99    -9.99    -9.99
00102    -9.99    -9.99    -9.99    -9.99    -9.99    -9.99
00103    -9.99    -9.99    -9.99    -9.99    -9.99    -9.99
00104    -9.99    -9.99    -9.99    -9.99    -9.99    -9.99
00105    -9.99    -9.99    -9.99    -9.99    -9.99    -9.99
00106    -9.99    -9.99    -9.99    -9.99    -9.99    -9.99
00107    -9.99    -9.99    -9.99    -9.99    -9.99    -9.99
00108    -9.99    -9.99    -9.99    -9.99    -9.99    -9.99
00201     4.12     5.25     6.15     6.56     6.99     7.34
00202    -9.99    -9.99    -9.99    -9.99    -9.99    -9.99
00203     4.45     5.94     7.18     7.71     7.74     8.05
00204    -9.99    -9.99    -9.99    -9.99    -9.99    -9.99
00205    -9.99    -9.99    -9.99    -9.99    -9.99    -9.99
00206     3.49     4.33     5.31     5.57     5.83     5.98
00207     3.30     4.15     4.74     4.97     5.32     5.85
00301    -9.99    -9.99    -9.99    -9.99    -9.99    -9.99
00302    -9.99    -9.99    -9.99    -9.99    -9.99    -9.99
00303    -9.99    -9.99    -9.99    -9.99    -9.99    -9.99
00304    -9.99    -9.99    -9.99    -9.99    -9.99    -9.99
00305    -9.99    -9.99    -9.99    -9.99    -9.99    -9.99
00306    -9.99    -9.99    -9.99    -9.99    -9.99    -9.99
00307    -9.99    -9.99    -9.99    -9.99    -9.99    -9.99
00308    -9.99    -9.99    -9.99    -9.99    -9.99    -9.99
00309    -9.99    -9.99    -9.99    -9.99    -9.99    -9.99
00401    20.49    25.46    28.90    29.88    29.80    29.14
00402    22.95    28.38    31.11    31.78    31.17    30.10
00403    10.54    13.18    14.99    15.69    16.09    16.30
00404    19.13    22.35    24.28    24.43    23.27    22.34
00405    17.45    21.15    23.52    24.25    23.46    22.66
00406    19.60    22.85    24.28    23.49    22.14    21.03
00407     7.31     8.64     9.22     9.39     9.62     9.59
00501     2.19     2.71     3.77     5.35     7.34     8.86
00502    -9.99    -9.99    -9.99    -9.99    -9.99    -9.99
00503    -9.99    -9.99    -9.99    -9.99    -9.99    -9.99
00504    -9.99    -9.99    -9.99    -9.99    -9.99    -9.99
00505    -9.99    -9.99    -9.99    -9.99    -9.99    -9.99
00601    -9.99    -9.99    -9.99    -9.99    -9.99    -9.99
00602    -9.99    -9.99    -9.99    -9.99    -9.99    -9.99
00603     9.80    11.82    15.88    19.68    23.45    26.52
00701    -9.99    -9.99    -9.99    -9.99    -9.99    -9.99
00702    -9.99    -9.99    -9.99    -9.99    -9.99    -9.99
00801    -9.99    -9.99    -9.99    -9.99    -9.99    -9.99
00802    -9.99    -9.99    -9.99    -9.99    -9.99    -9.99
00803    -9.99    -9.99    -9.99    -9.99    -9.99    -9.99
00804    -9.99    -9.99    -9.99    -9.99    -9.99    -9.99
00805    -9.99    -9.99    -9.99    -9.99    -9.99    -9.99
00806    -9.99    -9.99    -9.99    -9.99    -9.99    -9.99
00807    -9.99    -9.99    -9.99    -9.99    -9.99    -9.99
00901    -9.99    -9.99    -9.99    -9.99    -9.99    -9.99
00902    -9.99    -9.99    -9.99    -9.99    -9.99    -9.99
00903    -9.99    -9.99    -9.99    -9.99    -9.99    -9.99
00904    -9.99    -9.99    -9.99    -9.99    -9.99    -9.99
00905    -9.99    -9.99    -9.99    -9.99    -9.99    -9.99
00906    -9.99    -9.99    -9.99    -9.99    -9.99    -9.99
00907    -9.99    -9.99    -9.99    -9.99    -9.99    -9.99
00908    -9.99    -9.99    -9.99    -9.99    -9.99    -9.99
00909    -9.99    -9.99    -9.99    -9.99    -9.99    -9.99
01001    -9.99    -9.99    -9.99    -9.99    -9.99    -9.99
01002     6.15     7.37     9.06    10.95    13.35    15.46
01003     5.95     7.35     9.15    11.05    13.19    15.04
01004     9.28    11.24    13.18    14.47    16.19    17.77
01005     6.21     7.26     8.29     9.10     9.96    10.76
01006     4.85     5.42     6.44     7.49     8.83    10.14
01007     4.44     5.24     6.11     6.81     7.69     8.54
01008     2.16     2.44     2.89     3.51     4.87     6.31
01009     5.43     6.23     7.06     7.88     9.20    10.59
01010     4.40     5.63     6.65     7.58     9.03    10.52
01101    -9.99    -9.99    -9.99    -9.99    -9.99    -9.99
01102    -9.99    -9.99    -9.99    -9.99    -9.99    -9.99
01103     6.66     7.33     9.97    13.56    17.55    21.72
01104    -9.99    -9.99    -9.99    -9.99    -9.99    -9.99
01105    -9.99    -9.99    -9.99    -9.99    -9.99    -9.99
01106    -9.99    -9.99    -9.99    -9.99    -9.99    -9.99
01107    -9.99    -9.99    -9.99    -9.99    -9.99    -9.99
01108    -9.99    -9.99    -9.99    -9.99    -9.99    -9.99
01109    -9.99    -9.99    -9.99    -9.99    -9.99    -9.99
01201    -9.99    -9.99    -9.99    -9.99    -9.99    -9.99
01202    -9.99    -9.99    -9.99    -9.99    -9.99    -9.99
01203    -9.99    -9.99    -9.99    -9.99    -9.99    -9.99
01204    -9.99    -9.99    -9.99    -9.99    -9.99    -9.99
01205    -9.99    -9.99    -9.99    -9.99    -9.99    -9.99
01206    -9.99    -9.99    -9.99    -9.99    -9.99    -9.99
01207    -9.99    -9.99    -9.99    -9.99    -9.99    -9.99
01208    -9.99    -9.99    -9.99    -9.99    -9.99    -9.99
01209    -9.99    -9.99    -9.99    -9.99    -9.99    -9.99
01301     4.26     5.15     6.92     9.41    12.96    17.32
01302    -9.99    -9.99    -9.99    -9.99    -9.99    -9.99
01303    -9.99    -9.99    -9.99    -9.99    -9.99    -9.99
01304     4.22     4.94     6.81     9.40    13.06    17.51
01305     4.13     4.79     6.63     9.49    13.55    18.12
01306     5.41     6.02     8.04    11.21    14.83    19.23
01307     3.88     4.53     6.51     9.26    13.13    17.74
01308     4.66     5.14     7.10    10.08    14.20    18.62
01309     6.32     6.78     9.06    12.34    16.31    20.61
01401     3.07     3.53     5.25     7.32    10.80    14.14
01402    -9.99    -9.99    -9.99    -9.99    -9.99    -9.99
01403    -9.99    -9.99    -9.99    -9.99    -9.99    -9.99
01404     2.43     2.85     4.43     6.44     9.52    12.72
01405    -9.99    -9.99    -9.99    -9.99    -9.99    -9.99
01406    -9.99    -9.99    -9.99    -9.99    -9.99    -9.99
01407    -9.99    -9.99    -9.99    -9.99    -9.99    -9.99
01408    -9.99    -9.99    -9.99    -9.99    -9.99    -9.99
01409    -9.99    -9.99    -9.99    -9.99    -9.99    -9.99
01501    -9.99    -9.99    -9.99    -9.99    -9.99    -9.99
01502    -9.99    -9.99    -9.99    -9.99    -9.99    -9.99
01503    -9.99    -9.99    -9.99    -9.99    -9.99    -9.99
01504    -9.99    -9.99    -9.99    -9.99    -9.99    -9.99
01601    -9.99    -9.99    -9.99    -9.99    -9.99    -9.99
01602    -9.99    -9.99    -9.99    -9.99    -9.99    -9.99
01603    -9.99    -9.99    -9.99    -9.99    -9.99    -9.99
01604    -9.99    -9.99    -9.99    -9.99    -9.99    -9.99
01605    -9.99    -9.99    -9.99    -9.99    -9.99    -9.99
01606    -9.99    -9.99    -9.99    -9.99    -9.99    -9.99
01607    -9.99    -9.99    -9.99    -9.99    -9.99    -9.99
01608     9.58    13.93    18.01    21.87    26.09    31.26
01609    -9.99    -9.99    -9.99    -9.99    -9.99    -9.99
01701    -9.99    -9.99    -9.99    -9.99    -9.99    -9.99
01702    -9.99    -9.99    -9.99    -9.99    -9.99    -9.99
01703    -9.99    -9.99    -9.99    -9.99    -9.99    -9.99
01801     7.81    10.59    14.39    17.34    20.59    23.68
01802    -9.99    -9.99    -9.99    -9.99    -9.99    -9.99
01803    -9.99    -9.99    -9.99    -9.99    -9.99    -9.99
01804    -9.99    -9.99    -9.99    -9.99    -9.99    -9.99
01805    -9.99    -9.99    -9.99    -9.99    -9.99    -9.99
01806    -9.99    -9.99    -9.99    -9.99    -9.99    -9.99
01807    -9.99    -9.99    -9.99    -9.99    -9.99    -9.99
01808    -9.99    -9.99    -9.99    -9.99    -9.99    -9.99
01901    -9.99    -9.99    -9.99    -9.99    -9.99    -9.99
01902    -9.99    -9.99    -9.99    -9.99    -9.99    -9.99
01903    -9.99    -9.99    -9.99    -9.99    -9.99    -9.99
02001    -9.99    -9.99    -9.99    -9.99    -9.99    -9.99
02002    -9.99    -9.99    -9.99    -9.99    -9.99    -9.99
02003    -9.99    -9.99    -9.99    -9.99    -9.99    -9.99
02004    -9.99    -9.99    -9.99    -9.99    -9.99    -9.99
02005    -9.99    -9.99    -9.99    -9.99    -9.99    -9.99
02006    -9.99    -9.99    -9.99    -9.99    -9.99    -9.99
02007    -9.99    -9.99    -9.99    -9.99    -9.99    -9.99
02008    -9.99    -9.99    -9.99    -9.99    -9.99    -9.99
02009    -9.99    -9.99    -9.99    -9.99    -9.99    -9.99
02010    -9.99    -9.99    -9.99    -9.99    -9.99    -9.99
02101    -9.99    -9.99    -9.99    -9.99    -9.99    -9.99
02102     2.76     3.03     3.82     5.64     8.42    12.41
02103    -9.99    -9.99    -9.99    -9.99    -9.99    -9.99
02104    -9.99    -9.99    -9.99    -9.99    -9.99    -9.99
02105    -9.99    -9.99    -9.99    -9.99    -9.99    -9.99
02106    -9.99    -9.99    -9.99    -9.99    -9.99    -9.99
02107     2.57     3.24     4.73     6.91    10.08    13.99
02108    -9.99    -9.99    -9.99    -9.99    -9.99    -9.99
02109    -9.99    -9.99    -9.99    -9.99    -9.99    -9.99
02201    -9.99    -9.99    -9.99    -9.99    -9.99    -9.99
02202    -9.99    -9.99    -9.99    -9.99    -9.99    -9.99
02203    -9.99    -9.99    -9.99    -9.99    -9.99    -9.99
02204    -9.99    -9.99    -9.99    -9.99    -9.99    -9.99
02205    -9.99    -9.99    -9.99    -9.99    -9.99    -9.99
02206    -9.99    -9.99    -9.99    -9.99    -9.99    -9.99
02207    -9.99    -9.99    -9.99    -9.99    -9.99    -9.99
02208    -9.99    -9.99    -9.99    -9.99    -9.99    -9.99
02209    -9.99    -9.99    -9.99    -9.99    -9.99    -9.99
02210    -9.99    -9.99    -9.99    -9.99    -9.99    -9.99
02301     4.94     5.51     7.71    10.82    15.22    19.97
02302     5.42     6.37     9.04    12.35    16.51    20.48
02303    -9.99    -9.99    -9.99    -9.99    -9.99    -9.99
02304    -9.99    -9.99    -9.99    -9.99    -9.99    -9.99
02305    -9.99    -9.99    -9.99    -9.99    -9.99    -9.99
02306    -9.99    -9.99    -9.99    -9.99    -9.99    -9.99
02401    -9.99    -9.99    -9.99    -9.99    -9.99    -9.99
02402     3.42     4.02     5.18     6.46     8.42    10.86
02403    -9.99    -9.99    -9.99    -9.99    -9.99    -9.99
02404    -9.99    -9.99    -9.99    -9.99    -9.99    -9.99
02405    -9.99    -9.99    -9.99    -9.99    -9.99    -9.99
02406    -9.99    -9.99    -9.99    -9.99    -9.99    -9.99
02407    -9.99    -9.99    -9.99    -9.99    -9.99    -9.99
02501    -9.99    -9.99    -9.99    -9.99    -9.99    -9.99
02502    -9.99    -9.99    -9.99    -9.99    -9.99    -9.99
02503    -9.99    -9.99    -9.99    -9.99    -9.99    -9.99
02505    -9.99    -9.99    -9.99    -9.99    -9.99    -9.99
02506    -9.99    -9.99    -9.99    -9.99    -9.99    -9.99
02507     3.11     3.50     4.93     7.07    10.57    13.70
02508     2.72     3.42     5.29     7.70    11.49    15.38
02509    -9.99    -9.99    -9.99    -9.99    -9.99    -9.99
02601     6.65     7.53     8.01     8.33     9.02     9.88
02602     3.69     4.52     5.62     6.57     7.71     8.76
02603    -9.99    -9.99    -9.99    -9.99    -9.99    -9.99
02604    -9.99    -9.99    -9.99    -9.99    -9.99    -9.99
02701    -9.99    -9.99    -9.99    -9.99    -9.99    -9.99
02702    -9.99    -9.99    -9.99    -9.99    -9.99    -9.99
02801    -9.99    -9.99    -9.99    -9.99    -9.99    -9.99
02802    -9.99    -9.99    -9.99    -9.99    -9.99    -9.99
02803    -9.99    -9.99    -9.99    -9.99    -9.99    -9.99
02901    -9.99    -9.99    -9.99    -9.99    -9.99    -9.99
02902     2.33     3.03     4.08     5.02     6.47     7.74
02903    -9.99    -9.99    -9.99    -9.99    -9.99    -9.99
02904    -9.99    -9.99    -9.99    -9.99    -9.99    -9.99
02905    -9.99    -9.99    -9.99    -9.99    -9.99    -9.99
02906     3.22     4.00     4.85     5.43     6.42     7.65
02907     2.56     2.77     3.17     3.83     5.49     7.15
02908    -9.99    -9.99    -9.99    -9.99    -9.99    -9.99
03001    -9.99    -9.99    -9.99    -9.99    -9.99    -9.99
03002    -9.99    -9.99    -9.99    -9.99    -9.99    -9.99
03003    -9.99    -9.99    -9.99    -9.99    -9.99    -9.99
03004    -9.99    -9.99    -9.99    -9.99    -9.99    -9.99
03005    -9.99    -9.99    -9.99    -9.99    -9.99    -9.99
03006    -9.99    -9.99    -9.99    -9.99    -9.99    -9.99
03007    -9.99    -9.99    -9.99    -9.99    -9.99    -9.99
03008    -9.99    -9.99    -9.99    -9.99    -9.99    -9.99
03009    -9.99    -9.99    -9.99    -9.99    -9.99    -9.99
03010    -9.99    -9.99    -9.99    -9.99    -9.99    -9.99
03101    -9.99    -9.99    -9.99    -9.99    -9.99    -9.99
03102    -9.99    -9.99    -9.99    -9.99    -9.99    -9.99
03103    -9.99    -9.99    -9.99    -9.99    -9.99    -9.99
03104    -9.99    -9.99    -9.99    -9.99    -9.99    -9.99
03105    -9.99    -9.99    -9.99    -9.99    -9.99    -9.99
03106    -9.99    -9.99    -9.99    -9.99    -9.99    -9.99
03107    -9.99    -9.99    -9.99    -9.99    -9.99    -9.99
03108    -9.99    -9.99    -9.99    -9.99    -9.99    -9.99
03201    -9.99    -9.99    -9.99    -9.99    -9.99    -9.99
03202    -9.99    -9.99    -9.99    -9.99    -9.99    -9.99
03203    -9.99    -9.99    -9.99    -9.99    -9.99    -9.99
03204    -9.99    -9.99    -9.99    -9.99    -9.99    -9.99
03205    -9.99    -9.99    -9.99    -9.99    -9.99    -9.99
03206    -9.99    -9.99    -9.99    -9.99    -9.99    -9.99
03207    -9.99    -9.99    -9.99    -9.99    -9.99    -9.99
03208    -9.99    -9.99    -9.99    -9.99    -9.99    -9.99
03209    -9.99    -9.99    -9.99    -9.99    -9.99    -9.99
03301    -9.99    -9.99    -9.99    -9.99    -9.99    -9.99
03302    -9.99    -9.99    -9.99    -9.99    -9.99    -9.99
03303    -9.99    -9.99    -9.99    -9.99    -9.99    -9.99
03304    -9.99    -9.99    -9.99    -9.99    -9.99    -9.99
03305    -9.99    -9.99    -9.99    -9.99    -9.99    -9.99
03306    -9.99    -9.99    -9.99    -9.99    -9.99    -9.99
03307    -9.99    -9.99    -9.99    -9.99    -9.99    -9.99
03308    -9.99    -9.99    -9.99    -9.99    -9.99    -9.99
03309    -9.99    -9.99    -9.99    -9.99    -9.99    -9.99
03310    -9.99    -9.99    -9.99    -9.99    -9.99    -9.99
03401    -9.99    -9.99    -9.99    -9.99    -9.99    -9.99
03402    -9.99    -9.99    -9.99    -9.99    -9.99    -9.99
03403    -9.99    -9.99    -9.99    -9.99    -9.99    -9.99
03404    -9.99    -9.99    -9.99    -9.99    -9.99    -9.99
03405    -9.99    -9.99    -9.99    -9.99    -9.99    -9.99
03406     6.91     9.25    12.68    16.65    22.26    26.72
03407    -9.99    -9.99    -9.99    -9.99    -9.99    -9.99
03408    -9.99    -9.99    -9.99    -9.99    -9.99    -9.99
03409    -9.99    -9.99    -9.99    -9.99    -9.99    -9.99
03501    29.68    35.81    42.85    45.94    47.78    48.60
03502    16.04    20.55    25.33    27.87    29.88    31.27
03503    12.84    15.54    18.28    19.71    20.94    21.56
03504    -9.99    -9.99    -9.99    -9.99    -9.99    -9.99
03505    10.04    12.47    14.89    15.85    17.06    18.04
03506     8.01     9.18    10.31    11.05    11.83    12.52
03507     5.15     6.06     6.95     7.51     8.54     9.55
03508     7.52     8.64     9.89    11.00    12.41    13.77
03509     5.56     6.27     6.94     7.52     8.41     9.46
03601    -9.99    -9.99    -9.99    -9.99    -9.99    -9.99
03602    -9.99    -9.99    -9.99    -9.99    -9.99    -9.99
03603    -9.99    -9.99    -9.99    -9.99    -9.99    -9.99
03604    -9.99    -9.99    -9.99    -9.99    -9.99    -9.99
03605    -9.99    -9.99    -9.99    -9.99    -9.99    -9.99
03606    -9.99    -9.99    -9.99    -9.99    -9.99    -9.99
03607    -9.99    -9.99    -9.99    -9.99    -9.99    -9.99
03608    -9.99    -9.99    -9.99    -9.99    -9.99    -9.99
03609    -9.99    -9.99    -9.99    -9.99    -9.99    -9.99
03610    -9.99    -9.99    -9.99    -9.99    -9.99    -9.99
03701    -9.99    -9.99    -9.99    -9.99    -9.99    -9.99
03801    -9.99    -9.99    -9.99    -9.99    -9.99    -9.99
03802    -9.99    -9.99    -9.99    -9.99    -9.99    -9.99
03803    -9.99    -9.99    -9.99    -9.99    -9.99    -9.99
03804    -9.99    -9.99    -9.99    -9.99    -9.99    -9.99
03805    -9.99    -9.99    -9.99    -9.99    -9.99    -9.99
03806    -9.99    -9.99    -9.99    -9.99    -9.99    -9.99
03807    -9.99    -9.99    -9.99    -9.99    -9.99    -9.99
03901    -9.99    -9.99    -9.99    -9.99    -9.99    -9.99
03902    -9.99    -9.99    -9.99    -9.99    -9.99    -9.99
03903    -9.99    -9.99    -9.99    -9.99    -9.99    -9.99
03904    -9.99    -9.99    -9.99    -9.99    -9.99    -9.99
03905    -9.99    -9.99    -9.99    -9.99    -9.99    -9.99
03906    -9.99    -9.99    -9.99    -9.99    -9.99    -9.99
03907    -9.99    -9.99    -9.99    -9.99    -9.99    -9.99
03908    -9.99    -9.99    -9.99    -9.99    -9.99    -9.99
03909    -9.99    -9.99    -9.99    -9.99    -9.99    -9.99
04001    -9.99    -9.99    -9.99    -9.99    -9.99    -9.99
04002    -9.99    -9.99    -9.99    -9.99    -9.99    -9.99
04003    -9.99    -9.99    -9.99    -9.99    -9.99    -9.99
04004    -9.99    -9.99    -9.99    -9.99    -9.99    -9.99
04101     3.34     3.80     4.60     5.97     8.98    11.72
04102     5.49     6.40     7.48     9.72    13.55    16.59
04103    -9.99    -9.99    -9.99    -9.99    -9.99    -9.99
04104    -9.99    -9.99    -9.99    -9.99    -9.99    -9.99
04105    -9.99    -9.99    -9.99    -9.99    -9.99    -9.99
04106    -9.99    -9.99    -9.99    -9.99    -9.99    -9.99
04107    -9.99    -9.99    -9.99    -9.99    -9.99    -9.99
04108    -9.99    -9.99    -9.99    -9.99    -9.99    -9.99
04109    -9.99    -9.99    -9.99    -9.99    -9.99    -9.99
04110    -9.99    -9.99    -9.99    -9.99    -9.99    -9.99
04201    -9.99    -9.99    -9.99    -9.99    -9.99    -9.99
04202    -9.99    -9.99    -9.99    -9.99    -9.99    -9.99
04203     5.38     6.83     8.34     9.93    11.33    12.29
04204    -9.99    -9.99    -9.99    -9.99    -9.99    -9.99
04205     7.82     9.34    10.81    12.31    13.56    14.40
04206    -9.99    -9.99    -9.99    -9.99    -9.99    -9.99
04207    -9.99    -9.99    -9.99    -9.99    -9.99    -9.99
04301    -9.99    -9.99    -9.99    -9.99    -9.99    -9.99
04302    -9.99    -9.99    -9.99    -9.99    -9.99    -9.99
04303    -9.99    -9.99    -9.99    -9.99    -9.99    -9.99
04401    -9.99    -9.99    -9.99    -9.99    -9.99    -9.99
04402    -9.99    -9.99    -9.99    -9.99    -9.99    -9.99
04403    -9.99    -9.99    -9.99    -9.99    -9.99    -9.99
04404    -9.99    -9.99    -9.99    -9.99    -9.99    -9.99
04405    -9.99    -9.99    -9.99    -9.99    -9.99    -9.99
04406    -9.99    -9.99    -9.99    -9.99    -9.99    -9.99
04501    36.37    42.75    49.92    53.76    55.92    57.32
04502     9.27    10.62    11.97    13.00    13.95    14.90
04503    10.61    14.28    17.60    19.73    21.40    22.96
04504    -9.99    -9.99    -9.99    -9.99    -9.99    -9.99
04505    -9.99    -9.99    -9.99    -9.99    -9.99    -9.99
04506    12.33    14.55    16.45    17.06    17.59    18.13
04507     4.06     5.11     5.95     6.59     7.59     8.54
04508     3.54     4.40     5.07     5.48     6.10     6.83
04509     6.55     7.69     9.07    10.24    11.78    13.28
04510     5.67     6.85     8.09     9.09    10.27    11.36
04601    -9.99    -9.99    -9.99    -9.99    -9.99    -9.99
04602    -9.99    -9.99    -9.99    -9.99    -9.99    -9.99
04603    -9.99    -9.99    -9.99    -9.99    -9.99    -9.99
04604    -9.99    -9.99    -9.99    -9.99    -9.99    -9.99
04605    -9.99    -9.99    -9.99    -9.99    -9.99    -9.99
04606    -9.99    -9.99    -9.99    -9.99    -9.99    -9.99
04701    -9.99    -9.99    -9.99    -9.99    -9.99    -9.99
04702    -9.99    -9.99    -9.99    -9.99    -9.99    -9.99
04703    -9.99    -9.99    -9.99    -9.99    -9.99    -9.99
04704     3.39     3.93     5.19     7.64    11.23    15.52
04705    -9.99    -9.99    -9.99    -9.99    -9.99    -9.99
04706    -9.99    -9.99    -9.99    -9.99    -9.99    -9.99
04707    -9.99    -9.99    -9.99    -9.99    -9.99    -9.99
04708    -9.99    -9.99    -9.99    -9.99    -9.99    -9.99
04709    -9.99    -9.99    -9.99    -9.99    -9.99    -9.99
04801     5.92     6.59     7.58     8.52     9.99    11.91
04802    -9.99    -9.99    -9.99    -9.99    -9.99    -9.99
04803     3.30     3.85     4.56     5.49     6.71     7.81
04804    -9.99    -9.99    -9.99    -9.99    -9.99    -9.99
04805    -9.99    -9.99    -9.99    -9.99    -9.99    -9.99
04806    -9.99    -9.99    -9.99    -9.99    -9.99    -9.99
04807    -9.99    -9.99    -9.99    -9.99    -9.99    -9.99
04808    -9.99    -9.99    -9.99    -9.99    -9.99    -9.99
04809    -9.99    -9.99    -9.99    -9.99    -9.99    -9.99
04810     2.46     3.03     4.11     5.50     6.98     8.30
